station	Xlamb	Ylamb	mnt	rugo	pent	ori	rgl	en10	ind_veg	dmer	dFor	dvil	Ttemp
4039001	935700	1880600	726	30	3	297	588	711	160	199	1	136	186
4049001	892900	1902400	454	14	2	100	608	890	121	376	1	78	220
4088001	876700	1890300	531	22	6	35	556	1010	70	306	6	39	218
4112001	877500	1877400	441	18	2	94	606	1039	140	264	4	4	230
4113001	915800	1912400	700	11	0	365	603	788	47	345	4	26	192
4160001	867600	1879900	461	17	5	206	645	966	167	253	2	41	213
4172001	907300	1873200	666	6	0	365	603	1039	80	253	2	103	207
4173002	935300	1893000	914	19	4	254	612	792	161	235	2	106	187
4192001	871300	1887100	623	17	4	96	609	1070	230	285	0	48	214
4193002	957800	1965000	1909	29	4	172	642	500	149	420	2	72	129
5007001	948200	1985200	1731	22	12	266	607	676	154	508	1	58	139
5023001	939400	1999000	1521	38	32	223	791	683	163	573	1	4	172
5026001	952100	1973400	1760	42	13	196	715	688	94	460	1	47	147
5028001	874200	1947200	753	12	0	365	603	870	254	517	0	100	187
5046001	931000	1960500	830	30	3	284	595	469	53	456	4	2	195
5064001	905300	1986300	1500	29	32	285	567	515	173	598	1	116	157
5079001	929700	2005900	1533	31	22	208	768	440	93	617	4	51	155
5093001	938300	2011600	1628	11	4	172	642	591	169	618	2	54	135
5096001	916900	1972800	1445	34	11	321	514	451	110	527	2	73	160
5098001	935300	1954100	1495	20	12	318	510	702	165	424	1	30	158
5118002	883500	1917200	568	22	8	347	523	906	212	415	5	121	214
5126001	849200	1937100	633	16	6	186	660	843	185	452	4	49	201
5132001	896400	1971600	1031	13	5	229	633	707	56	573	5	53	178
5132002	896800	1972000	1069	11	3	269	602	724	56	573	4	55	180
5139002	885800	1972800	1448	21	9	266	607	950	137	604	3	73	160
5142001	891800	1982700	970	29	19	154	756	637	190	619	0	92	174
5157001	959400	1976900	2175	14	18	215	732	905	134	456	3	78	134
5170001	894300	1945900	595	5	0	365	603	755	32	503	5	48	203
5182001	901200	1988100	1121	34	24	196	796	231	157	613	2	117	170
6004002	987800	1852200	0	17	3	77	598	1011	38	1	5	5	238
6004009	987500	1857900	0	0	0	365	603	987	37	1	2	15	235
6015001	1001900	1884800	448	34	5	148	645	842	206	55	3	54	223
6022002	984700	1881900	663	42	23	46	471	1016	198	76	1	17	206
6029001	973400	1848600	1	5	0	365	603	952	66	1	7	5	224
6037002	969100	1871700	1248	24	8	172	678	1236	159	87	5	40	178
6042001	984900	1900500	372	48	1	188	613	454	234	141	0	67	210
6057001	1003300	1884900	521	32	18	241	678	891	244	52	0	52	224
6071001	961600	1908400	772	46	4	86	602	456	224	215	0	145	196
6071003	961500	1910200	1135	38	20	253	659	757	212	221	2	149	206
6073005	986200	1922800	2509	35	12	173	713	1208	33	216	9	155	128
6075001	992500	1886100	562	37	4	350	564	1003	231	77	0	18	217
6075006	993800	1886200	699	22	11	306	535	1103	216	76	0	23	224
6077006	1004000	1894200	1197	48	14	123	679	1160	238	82	0	75	175
6079002	969300	1845700	137	41	5	80	597	1035	132	13	1	16	233
6083001	1018100	1878600	0	38	10	205	686	888	45	1	15	6	248
6083005	1014800	1879000	47	42	5	230	633	765	186	8	3	6	243
6086001	1007900	1896400	1068	41	23	295	518	990	202	81	1	81	193
6088001	992700	1862400	0	0	0	365	603	985	14	1	17	7	231
6088009	993300	1873100	281	31	5	108	620	1039	201	27	1	14	228
6090001	969000	1851200	482	27	1	243	607	1307	155	21	3	12	225
6091003	1009100	1877900	972	49	12	80	592	1509	163	16	9	16	192
6094001	968200	1910600	1673	24	6	109	625	1093	121	207	1	133	158
6106002	976300	1887000	430	49	8	147	668	696	224	111	0	49	224
6118001	960400	1860000	458	9	0	365	603	997	161	71	1	39	241
6120001	967400	1923600	1696	37	16	349	437	857	246	254	0	178	157
6121001	1002700	1866300	76	28	1	126	609	1040	121	1	8	9	234
6127001	993700	1908500	937	41	13	79	590	461	200	152	0	100	192
6127003	993700	1908500	937	41	13	79	590	461	200	152	0	100	198
6130001	962600	1867600	831	35	6	194	658	943	218	87	0	38	198
6130002	964100	1865800	772	24	15	228	692	995	111	78	2	29	204
6136003	1011100	1889100	475	21	19	160	762	773	143	48	3	49	214
6136004	1009900	1887200	618	44	17	70	564	922	217	45	0	44	204
6148001	980200	1866800	262	35	17	172	753	897	222	39	0	33	230
6152002	979400	1857400	148	18	2	121	614	1028	215	26	0	18	236
6153001	987100	1908000	994	45	5	6	554	645	223	164	0	96	182
6157002	985400	1868900	278	25	4	167	641	963	111	31	1	22	241
6163002	1020500	1908300	666	43	13	294	546	435	203	119	1	123	197
6163005	1013500	1913400	1552	29	2	104	609	760	232	140	0	143	139
13001009	849900	1841400	180	9	1	194	613	974	117	84	12	6	226
13004001	783600	1856500	5	3	0	365	603	1027	118	107	4	5	237
13004003	790800	1837100	2	0	0	365	603	1029	77	49	16	76	230
13005003	865200	1817200	139	12	2	204	621	883	212	46	2	10	235
13010001	793500	1882400	18	4	0	365	603	1001	182	217	8	19	237
13022001	860100	1807100	33	17	4	166	641	937	77	2	5	29	233
13022003	857600	1807300	204	16	2	192	622	1094	165	8	8	38	233
13027001	802000	1879000	32	21	2	300	590	1024	136	196	7	28	242
13028001	863600	1802200	206	45	22	162	784	1152	58	1	8	10	223
13042001	866700	1815100	118	5	1	200	612	863	195	41	4	5	229
13047001	809900	1839200	23	3	0	365	603	1030	6	35	25	67	239
13050001	838200	1856300	263	17	1	215	611	1048	207	137	1	60	231
13054001	834200	1830900	6	8	0	365	603	968	25	43	9	11	241
13055001	848600	1816200	45	14	0	365	603	969	27	11	15	1	240
13056002	820600	1818200	21	13	1	176	613	1029	83	1	12	30	238
13062002	856500	1829400	373	27	7	337	537	1071	204	63	0	47	217
13078001	798500	1833000	1	0	0	365	603	1029	56	21	29	91	233
13085001	867400	1811100	330	22	4	325	569	1088	222	28	2	20	218
13089001	812100	1873200	62	3	0	365	603	1014	166	171	14	19	231
13099001	876600	1862100	303	16	1	289	600	989	151	211	1	50	214
13103001	824000	1848600	59	3	0	365	603	996	38	89	8	14	229
13110003	872400	1832800	270	5	1	2	594	938	152	114	2	28	221
13111002	870600	1844600	557	20	6	349	543	1130	222	144	0	35	213
26035001	822000	1979600	340	26	2	231	615	841	168	597	1	72	214
26047001	847700	1952900	1043	10	8	266	606	1084	233	511	2	31	191
26050001	838100	1928800	557	31	9	354	511	903	211	407	1	23	213
26063002	834200	1923500	365	24	1	209	612	803	168	382	2	3	229
26086003	849300	1970800	575	40	9	336	518	695	223	581	1	43	201
26088001	816900	2008000	160	11	1	22	594	956	155	710	1	12	213
26113003	837600	1979400	420	16	6	131	643	747	212	604	1	13	207
26115001	810200	1973100	175	14	2	353	584	937	82	570	3	92	219
26124001	801900	1983000	138	22	1	272	602	1006	83	611	9	98	223
26165001	797500	1979200	105	7	0	365	603	975	144	595	7	77	217
26168001	867600	1970100	1081	33	5	243	624	776	183	600	2	102	170
26176001	801200	1963500	248	12	3	101	610	1029	151	532	1	53	223
26177001	805100	2015900	230	18	1	163	613	1026	154	741	6	43	210
26188001	827700	1919000	294	31	7	325	544	832	205	360	1	34	222
26191001	797800	1952300	122	11	1	329	595	972	123	489	1	23	226
26198001	790800	1956300	75	8	0	365	603	939	36	500	4	9	228
26202001	819700	1949300	515	26	2	328	586	923	229	475	1	12	211
26211001	801100	1932500	148	10	1	144	612	1018	195	408	3	12	232
26220009	822100	1932300	260	10	1	160	613	845	136	409	4	5	233
26235001	789800	1930700	52	3	0	365	603	997	50	403	10	12	232
26258001	809000	1961400	199	20	4	252	614	925	63	523	2	52	218
26273002	823100	2002600	447	19	9	283	581	986	195	688	2	42	212
26281001	809500	2009000	158	5	0	365	603	997	105	714	6	15	216
26292001	845800	1926000	602	17	1	191	613	817	213	405	1	44	197
26295001	801800	2022100	220	15	2	271	602	993	75	762	3	27	209
26298001	814800	2029200	420	24	3	252	611	1040	163	795	2	48	205
26307001	833000	2005200	319	34	11	316	520	731	200	704	2	64	204
26313001	804500	2001300	190	13	0	365	603	1045	137	682	7	44	215
26330001	803500	2033500	253	13	6	330	547	1016	111	808	1	48	214
26340001	855900	1916200	811	12	1	281	601	857	176	380	2	89	177
26361001	857900	1950200	877	25	8	215	664	867	213	514	1	63	182
26362003	803700	1995500	152	4	0	365	603	1007	60	659	9	63	227
26377003	817500	1930100	296	13	3	107	613	981	183	397	1	25	230
83002001	914900	1871500	947	33	18	318	465	1139	223	226	1	126	216
83009004	878200	1799800	99	31	3	135	625	1040	94	5	1	42	243
83011001	941600	1855800	353	22	3	189	632	803	205	107	1	47	225
83016001	882000	1805600	166	15	2	57	593	946	102	27	5	45	222
83019002	929100	1807600	69	21	1	3	594	880	196	21	1	22	219
83031001	928500	1828600	75	5	0	365	603	969	63	79	2	23	237
83035001	880400	1811600	421	7	1	233	609	1039	176	44	0	53	221
83044001	936600	1865400	852	32	6	42	561	969	190	150	1	76	190
83046001	906800	1846600	367	17	3	125	621	1027	241	191	1	68	215
83049003	905400	1811100	101	10	0	365	603	939	183	63	6	51	232
83050005	931500	1844700	239	26	2	21	585	987	193	110	3	9	232
83061001	956800	1834800	9	4	0	365	603	991	75	3	11	3	225
83069001	910800	1795600	3	5	0	365	603	1007	75	4	8	11	224
83069002	917800	1785300	72	26	1	86	603	1093	202	2	1	8	233
83069003	936600	1788900	78	20	2	173	623	1096	150	1	1	67	231
83069008	915200	1785200	1	9	0	365	603	1026	141	1	0	1	226
83072001	927700	1839700	141	17	3	35	580	971	178	112	0	34	240
83083001	907100	1837200	139	6	0	365	603	924	178	160	2	34	230
83101001	953000	1809700	0	25	4	41	575	1014	102	1	0	41	235
83118002	966200	1834000	0	33	8	134	658	996	119	1	0	26	240
83118006	967900	1843900	308	34	1	205	612	1179	218	18	1	25	243
83137001	893200	1795900	0	12	1	161	613	958	21	1	11	6	243
83138002	954500	1855600	234	16	4	153	638	906	137	80	1	66	232
83145001	893100	1850300	369	26	9	203	679	986	210	204	2	88	237
83153001	894000	1792900	53	28	7	60	569	1047	124	1	6	18	229
84001001	810900	1891100	37	3	0	365	603	1017	209	242	20	29	235
84003002	847700	1880400	267	25	5	153	647	871	179	235	2	5	223
84005001	846400	1907300	767	15	5	236	629	929	130	337	3	80	192
84007002	804200	1882800	31	18	2	221	617	1022	200	210	6	22	234
84009002	864000	1870300	381	7	1	199	612	968	205	212	2	53	224
84014001	874600	1865000	255	9	0	365	603	943	72	216	2	45	221
84017006	838900	1909900	1401	26	9	157	682	1444	118	337	3	57	167
84020003	838800	1874700	263	15	2	317	588	966	187	208	4	34	225
84020004	838500	1878600	176	9	0	365	603	907	178	221	3	29	223
84025001	827500	1879800	154	6	1	265	604	940	188	207	7	44	227
84028001	808400	1916100	119	4	0	365	603	997	183	341	10	22	239
84031001	818100	1901800	103	9	0	365	603	984	169	286	9	12	234
84033001	853600	1876900	289	21	0	365	603	840	189	224	1	31	215
84035003	817000	1876500	70	4	0	365	603	998	180	185	5	8	229
84036001	807900	1884500	100	12	1	124	609	1076	183	216	3	33	241
84037002	798400	1900900	120	10	0	365	603	1090	198	285	1	18	240
84051001	834100	1881400	186	7	0	365	603	927	160	223	4	47	224
84054001	817000	1884300	55	6	0	365	603	984	178	216	10	39	230
84064001	787600	1926900	47	3	0	365	603	997	203	388	9	25	232
84082001	830500	1900900	361	18	0	365	603	944	194	292	2	51	222
84085003	833400	1886700	419	23	6	152	655	1045	208	241	4	57	228
84087001	801500	1907500	56	3	0	365	603	1021	93	309	11	13	237
84095001	842600	1863500	150	3	0	365	603	921	209	166	4	35	229
84107002	853400	1899600	838	11	0	365	603	976	34	313	3	83	181
84118001	844000	1885700	298	13	2	145	620	877	213	255	2	25	228
84121001	855000	1866600	323	15	0	365	603	979	183	185	5	21	221
84122002	811200	1901900	35	6	0	365	603	990	160	286	13	22	236
84123001	846400	1904100	795	13	1	201	612	961	129	326	2	91	198
84123004	845300	1901100	728	26	12	288	563	902	175	313	2	85	189
84125003	843200	1913500	520	23	5	308	571	697	140	355	1	52	198
84126001	813100	1915300	140	9	1	299	598	962	183	339	6	5	231
84133001	860000	1864400	301	18	4	332	567	972	178	184	5	25	218
84137001	817900	1921200	243	12	2	220	617	979	199	364	2	33	216
84138001	811200	1935700	226	7	0	365	603	964	154	420	9	2	220
84140001	847900	1868400	354	11	1	178	613	997	188	187	3	9	227
84150001	805100	1929500	144	3	0	365	603	1002	142	396	5	13	232
